0.477345  0.001047  0.001047  0.518474  0.001044  0.001044
0.000974  0.167306  0.443706  0.386073  0.000970  0.000970
0.061227  0.000950  0.446732  0.489197  0.000947  0.000947
0.000951  0.000950  0.450708  0.545498  0.000947  0.000947
0.065553  0.000951  0.441944  0.489658  0.000947  0.000947
0.000949  0.000949  0.499164  0.497047  0.000946  0.000946
0.491120  0.000962  0.338153  0.167847  0.000959  0.000959
0.000951  0.000950  0.450708  0.545498  0.000947  0.000947
0.191029  0.000951  0.415410  0.390714  0.000948  0.000948
0.000949  0.000949  0.493280  0.502930  0.000946  0.000946
0.000949  0.000949  0.499164  0.497047  0.000946  0.000946
0.099789  0.000951  0.438235  0.459128  0.000948  0.000948
0.550856  0.000963  0.445297  0.000964  0.000960  0.000960
0.318172  0.000951  0.379891  0.299092  0.000948  0.000948
0.257974  0.000962  0.394057  0.345092  0.000958  0.000958
0.000962  0.000961  0.450597  0.545565  0.000958  0.000958
0.152456  0.000951  0.443078  0.401621  0.000947  0.000947
0.046176  0.000963  0.494904  0.456039  0.000959  0.000959
0.000965  0.000963  0.477996  0.518159  0.000959  0.000959
0.000951  0.000950  0.450708  0.545498  0.000947  0.000947
0.400569  0.000973  0.359275  0.237244  0.000969  0.000969
0.000951  0.000950  0.482571  0.513636  0.000947  0.000947
0.000953  0.000951  0.412697  0.583503  0.000948  0.000948
0.162438  0.000962  0.415794  0.418889  0.000959  0.000959
0.474010  0.000973  0.346118  0.176960  0.000970  0.000970
0.573806  0.000963  0.422349  0.000964  0.000959  0.000959
0.148339  0.000962  0.417677  0.431105  0.000958  0.000958
0.000960  0.000960  0.000963  0.995204  0.000957  0.000957
0.000950  0.000950  0.000952  0.995256  0.000947  0.000947
0.000948  0.000948  0.995261  0.000951  0.000946  0.000946
0.174400  0.000963  0.000963  0.821755  0.000959  0.000959
0.000948  0.000948  0.995259  0.000951  0.000947  0.000947
0.000948  0.000948  0.995261  0.000951  0.000946  0.000946
0.000951  0.000950  0.000951  0.995255  0.000946  0.000946
0.000949  0.000949  0.499164  0.497047  0.000946  0.000946
0.000948  0.000948  0.995261  0.000951  0.000946  0.000946
0.000949  0.000949  0.499164  0.497047  0.000946  0.000946
0.166667  0.166667  0.166667  0.166667  0.166667  0.166667
0.527176  0.000986  0.468889  0.000985  0.000982  0.000982
0.000949  0.000948  0.000952  0.995260  0.000946  0.000946
0.399591  0.000974  0.312642  0.284854  0.000970  0.000970
0.000949  0.000949  0.000951  0.995257  0.000947  0.000947
0.596146  0.000962  0.400010  0.000964  0.000959  0.000959
0.000969  0.000965  0.995178  0.000964  0.000962  0.000962
0.001022  0.994898  0.001022  0.001023  0.001018  0.001018
0.324592  0.000961  0.671568  0.000963  0.000958  0.000958
0.000986  0.531405  0.000985  0.464661  0.000981  0.000981
0.001035  0.994827  0.001037  0.001035  0.001033  0.001033
0.000949  0.000948  0.995259  0.000951  0.000946  0.000946
0.000949  0.000948  0.995260  0.000951  0.000946  0.000946
0.000948  0.000948  0.995261  0.000951  0.000946  0.000946
0.000948  0.000948  0.995261  0.000951  0.000946  0.000946
0.000948  0.000948  0.995261  0.000951  0.000946  0.000946
0.000976  0.000973  0.995136  0.000974  0.000970  0.000970
0.000948  0.000948  0.995261  0.000951  0.000946  0.000946
0.358325  0.000973  0.637788  0.000974  0.000970  0.000970
0.000960  0.000961  0.000963  0.995201  0.000957  0.000957
0.000950  0.154508  0.841691  0.000951  0.000950  0.000950
0.003576  0.003572  0.003581  0.982149  0.003561  0.003561
0.000962  0.000961  0.000963  0.995199  0.000958  0.000958
0.000988  0.503838  0.000985  0.492226  0.000981  0.000981
0.001009  0.994957  0.001012  0.001010  0.001006  0.001006
0.166667  0.166667  0.166667  0.166667  0.166667  0.166667
0.001009  0.001008  0.994964  0.001009  0.001005  0.001005
0.252581  0.000974  0.000974  0.743531  0.000970  0.000970
0.000998  0.628341  0.000997  0.367678  0.000993  0.000993
0.001022  0.994898  0.001022  0.001023  0.001018  0.001018
0.000986  0.465192  0.000985  0.530874  0.000981  0.000981
0.001009  0.708259  0.001009  0.287713  0.001005  0.001005
0.000949  0.000948  0.000951  0.995260  0.000946  0.000946
0.000949  0.000948  0.000951  0.995260  0.000946  0.000946
0.000949  0.000948  0.000951  0.995260  0.000946  0.000946
0.000949  0.000948  0.000951  0.995260  0.000946  0.000946
0.000963  0.000962  0.995193  0.000964  0.000959  0.000959
