0.001277  0.422121  0.573943  0.001382  0.001278
0.001188  0.163269  0.388558  0.001189  0.445796
0.446123  0.001153  0.001164  0.001157  0.550402
0.369935  0.001153  0.001165  0.001156  0.626591
0.443151  0.001154  0.001164  0.001157  0.553374
0.001157  0.001151  0.480597  0.001153  0.515942
0.001177  0.001172  0.452702  0.543772  0.001177
0.369935  0.001153  0.001165  0.001156  0.626591
0.491618  0.001162  0.001164  0.001164  0.504892
0.001165  0.001152  0.490759  0.001155  0.505770
0.001157  0.001151  0.480597  0.001153  0.515942
0.431772  0.001174  0.001165  0.001158  0.564730
0.001177  0.001173  0.424235  0.572238  0.001177
0.489580  0.001159  0.001163  0.089658  0.418441
0.559795  0.001176  0.001177  0.001174  0.436678
0.370841  0.001166  0.001179  0.001169  0.625645
0.340002  0.001157  0.161538  0.001161  0.496142
0.001177  0.001203  0.487976  0.053122  0.456522
0.136363  0.001170  0.377648  0.001174  0.483645
0.369935  0.001153  0.001165  0.001156  0.626591
0.497420  0.001370  0.001190  0.147538  0.352481
0.001162  0.001154  0.509923  0.001157  0.486603
0.414618  0.001154  0.001165  0.001156  0.581907
0.494197  0.001169  0.001177  0.001171  0.502287
0.001191  0.001185  0.465852  0.530581  0.001191
0.001176  0.001173  0.417091  0.579382  0.001177
0.479973  0.001170  0.001177  0.001233  0.516447
0.001177  0.001166  0.995314  0.001169  0.001174
0.071681  0.001157  0.924844  0.001156  0.001162
0.001154  0.001148  0.001159  0.001152  0.995387
0.363029  0.040932  0.593691  0.001173  0.001175
0.001154  0.001148  0.001159  0.001152  0.995387
0.001154  0.001148  0.001159  0.001152  0.995387
0.001159  0.001153  0.995375  0.001154  0.001160
0.001157  0.001151  0.480597  0.001153  0.515942
0.001154  0.001148  0.001159  0.001152  0.995387
0.001157  0.001151  0.480597  0.001153  0.515942
0.200000  0.200000  0.200000  0.200000  0.200000
0.001202  0.001200  0.001203  0.658053  0.338342
0.001157  0.001150  0.995381  0.001151  0.001161
0.657575  0.001190  0.001189  0.001190  0.338856
0.001157  0.001151  0.995382  0.001151  0.001159
0.001177  0.001174  0.411117  0.585355  0.001177
0.001176  0.001170  0.001176  0.212785  0.783694
0.001250  0.995004  0.001251  0.001246  0.001249
0.001177  0.001170  0.001175  0.437515  0.558963
0.281058  0.448674  0.267865  0.001201  0.001202
0.001260  0.001263  0.001266  0.994944  0.001267
0.001154  0.001148  0.001159  0.001152  0.995387
0.001155  0.001150  0.001159  0.001154  0.995382
0.001154  0.001148  0.001159  0.001152  0.995387
0.001154  0.001148  0.001159  0.001152  0.995387
0.001154  0.001148  0.001159  0.001152  0.995387
0.001192  0.001182  0.001188  0.171912  0.824525
0.001154  0.001148  0.001159  0.001152  0.995387
0.001192  0.001185  0.001190  0.459217  0.537217
0.001175  0.001169  0.995313  0.001169  0.001175
0.001155  0.153239  0.001159  0.001158  0.843288
0.004366  0.004336  0.982602  0.004333  0.004363
0.259176  0.001169  0.737311  0.001169  0.001175
0.337928  0.404500  0.255169  0.001200  0.001202
0.001232  0.703150  0.001234  0.293145  0.001239
0.200000  0.200000  0.200000  0.200000  0.200000
0.174874  0.001225  0.001229  0.001228  0.821445
0.001191  0.211775  0.784653  0.001191  0.001190
0.001219  0.649587  0.346761  0.001216  0.001217
0.001250  0.995004  0.001251  0.001246  0.001249
0.323556  0.366874  0.307159  0.001209  0.001202
0.001234  0.708400  0.287904  0.001231  0.001231
0.001157  0.001150  0.995384  0.001150  0.001160
0.001157  0.001150  0.995384  0.001150  0.001160
0.001157  0.001150  0.995384  0.001150  0.001160
0.001157  0.001150  0.995384  0.001150  0.001160
0.001176  0.001174  0.001178  0.001184  0.995288
