0.001674  0.673934  0.001678  0.322713
0.466918  0.407941  0.001559  0.123581
0.319833  0.564992  0.113692  0.001484
0.376528  0.620471  0.001519  0.001483
0.318993  0.566881  0.112638  0.001488
0.518922  0.478125  0.001489  0.001465
0.001547  0.452664  0.544270  0.001520
0.376528  0.620471  0.001519  0.001483
0.258227  0.509813  0.230457  0.001503
0.495895  0.501144  0.001494  0.001467
0.518922  0.478125  0.001489  0.001465
0.319349  0.551630  0.127517  0.001504
0.001547  0.426527  0.570384  0.001541
0.147923  0.487812  0.362768  0.001497
0.187770  0.503385  0.307335  0.001511
0.376590  0.620375  0.001536  0.001499
0.331341  0.490574  0.176589  0.001496
0.456425  0.474436  0.067611  0.001528
0.435902  0.561003  0.001564  0.001531
0.376528  0.620471  0.001519  0.001483
0.001572  0.517168  0.479728  0.001532
0.481517  0.515501  0.001504  0.001478
0.347566  0.649395  0.001535  0.001505
0.269439  0.528524  0.200526  0.001511
0.001565  0.463932  0.532969  0.001535
0.001545  0.418797  0.578126  0.001532
0.278348  0.530556  0.189579  0.001516
0.001533  0.995476  0.001507  0.001484
0.001518  0.995503  0.001495  0.001483
0.995546  0.001509  0.001486  0.001459
0.001533  0.874300  0.001543  0.122623
0.995546  0.001508  0.001486  0.001459
0.995546  0.001509  0.001486  0.001459
0.001513  0.995509  0.001499  0.001479
0.518922  0.478125  0.001489  0.001465
0.995545  0.001510  0.001486  0.001459
0.518922  0.478125  0.001489  0.001465
0.250000  0.250000  0.250000  0.250000
0.331870  0.001578  0.664977  0.001574
0.001517  0.995539  0.001481  0.001463
0.001566  0.527278  0.469598  0.001558
0.001512  0.995538  0.001481  0.001469
0.001545  0.405493  0.591433  0.001530
0.780550  0.001544  0.216395  0.001511
0.001629  0.339249  0.001624  0.657498
0.532402  0.001540  0.464550  0.001508
0.001569  0.605790  0.001576  0.391065
0.435951  0.001648  0.001680  0.560721
0.995545  0.001509  0.001486  0.001459
0.995529  0.001510  0.001494  0.001466
0.995545  0.001510  0.001486  0.001459
0.995546  0.001509  0.001486  0.001459
0.995546  0.001509  0.001486  0.001459
0.816091  0.001559  0.180830  0.001520
0.995546  0.001509  0.001486  0.001459
0.507561  0.001565  0.489339  0.001535
0.001539  0.995449  0.001509  0.001504
0.879241  0.001507  0.001506  0.117746
0.005673  0.983220  0.005584  0.005523
0.001534  0.995436  0.001521  0.001509
0.001569  0.623442  0.001578  0.373411
0.400028  0.001609  0.001615  0.596748
0.250000  0.250000  0.250000  0.250000
0.901878  0.001622  0.094899  0.001601
0.001560  0.845113  0.001574  0.151753
0.001592  0.532657  0.001594  0.464158
0.001629  0.339249  0.001624  0.657498
0.001570  0.657217  0.001579  0.339635
0.001607  0.484592  0.001608  0.512193
0.001513  0.995548  0.001479  0.001460
0.001513  0.995548  0.001479  0.001460
0.001513  0.995548  0.001479  0.001460
0.001513  0.995548  0.001479  0.001460
0.995364  0.001559  0.001544  0.001534
