0.002595  0.489758  0.507647
0.451349  0.184163  0.364488
0.494673  0.002389  0.502938
0.459764  0.002220  0.538016
0.482875  0.002400  0.514725
0.480785  0.002143  0.517072
0.372210  0.409119  0.218671
0.459764  0.002220  0.538016
0.442874  0.144128  0.412997
0.477639  0.002151  0.520210
0.480785  0.002143  0.517072
0.439907  0.069685  0.490409
0.384712  0.444472  0.170816
0.405518  0.248961  0.345521
0.434137  0.178551  0.387311
0.459660  0.002244  0.538096
0.469709  0.097568  0.432724
0.513486  0.002561  0.483953
0.487478  0.002401  0.510121
0.459764  0.002220  0.538016
0.391669  0.319677  0.288654
0.475905  0.002202  0.521893
0.426847  0.002340  0.570813
0.450122  0.094644  0.455234
0.381236  0.386561  0.232203
0.358945  0.469063  0.171992
0.448334  0.090048  0.461617
0.002351  0.002182  0.995467
0.002348  0.002210  0.995441
0.995603  0.002105  0.002293
0.002360  0.202985  0.794655
0.995606  0.002104  0.002289
0.995603  0.002105  0.002293
0.002297  0.002221  0.995482
0.480785  0.002143  0.517072
0.995595  0.002107  0.002298
0.480785  0.002143  0.517072
0.333333  0.333333  0.333333
0.520200  0.477399  0.002401
0.002319  0.002134  0.995547
0.366888  0.354847  0.278266
0.002287  0.002137  0.995576
0.452952  0.544518  0.002529
0.904363  0.093227  0.002410
0.002607  0.994684  0.002709
0.750915  0.246729  0.002356
0.002416  0.598114  0.399469
0.279825  0.717692  0.002482
0.995599  0.002106  0.002295
0.995574  0.002130  0.002296
0.995595  0.002107  0.002298
0.995603  0.002105  0.002293
0.995603  0.002105  0.002293
0.995198  0.002377  0.002425
0.995602  0.002105  0.002293
0.713651  0.283937  0.002412
0.002390  0.002225  0.995385
0.856450  0.141272  0.002278
0.008512  0.008106  0.983382
0.002382  0.002288  0.995330
0.002418  0.578559  0.419023
0.250882  0.746690  0.002427
0.333333  0.333333  0.333333
0.995025  0.002441  0.002534
0.002442  0.251455  0.746103
0.002466  0.688969  0.308565
0.002607  0.994684  0.002709
0.002423  0.527882  0.469695
0.002739  0.994255  0.003006
0.002293  0.002126  0.995582
0.002293  0.002126  0.995582
0.002293  0.002126  0.995582
0.002293  0.002126  0.995582
0.930900  0.002329  0.066770
