
BEGIN Distances;
DIMENSIONS ntax=71;
FORMAT labels=left diagonal triangle=both;
MATRIX
[1] 'Gig9'    0.0 0.011494253 0.0136494255 0.0136494255 0.013409962 0.01197318 0.012092912 0.0136494255 0.012212643 0.012212643 0.01197318 0.012452107 0.012452107 0.011254789 0.011733716 0.013409962 0.011254789 0.011254789 0.011733716 0.0136494255 0.011494253 0.01197318 0.0136494255 0.012452107 0.010536399 0.011254789 0.012452107 0.009578544 0.00933908 0.014367816 0.0074233715 0.01532567 0.015086207 0.008381226 0.011015326 0.016522989 0.011015326 0.010716026 0.008385242 0.00391581 0.008149569 0.0029397355 0.013429256 0.006866111 0.007921267 0.009908169 0.010194175 0.014141899 0.013895544 0.014135122 0.014135122 0.016283525 0.013969172 0.013708514 0.0055717053 0.013208454 0.0077182828 0.007947977 0.0063015027 0.012100678 0.016778523 0.004830918 0.003889159 0.0017089844 0.007430489 0.010296935 0.008385242 0.008381226 0.008381226 0.008385242 0.012728146
[2] 'H-2C'    0.011494253 0.0 0.0045498083 0.0045498083 0.004789272 0.0028735632 0.005866858 0.0045498083 0.005028736 0.0031130267 0.0028735632 0.004789272 0.0062260535 0.005507663 0.0040708813 0.004789272 0.003591954 0.0026340997 0.0031130267 0.0045498083 0.005507663 0.0028735632 0.005028736 0.004789272 0.0057471264 0.005507663 0.004310345 0.008500958 0.008860153 0.009099617 0.0106561305 0.009578544 0.00933908 0.007902299 0.004789272 0.008381226 0.004789272 0.005601559 0.007666507 0.0029368575 0.008149569 0.0024497795 0.010071943 0.00698872 0.009721556 0.009304011 0.008859224 0.008868648 0.00862482 0.008864399 0.008864399 0.008141763 0.00867052 0.0067340066 0.0058139535 0.009005764 0.006512301 0.0072254334 0.007149782 0.010527589 0.011385427 0.006280193 0.007413709 0.0072021484 0.010666347 0.01197318 0.007906085 0.008381226 0.008381226 0.007906085 0.007925072
[3] 'H-2D'    0.0136494255 0.0045498083 0.0 0.0 2.394636E-4 0.0016762452 0.004310345 0.0 0.0014367816 0.0014367816 0.0016762452 0.001197318 0.0040708813 0.0028735632 0.0019157088 2.394636E-4 0.002394636 0.002394636 0.0019157088 0.0 0.0033524905 0.0016762452 4.789272E-4 0.001197318 0.0040708813 0.004789272 0.001197318 0.005866858 0.0062260535 0.007902299 0.008500958 0.008381226 0.008141763 0.007183908 0.003591954 0.007183908 0.003591954 0.0043838285 0.006468615 0.0012236907 0.0071907956 0.0012248898 0.007434053 0.006253065 0.007081133 0.007854036 0.009101942 0.0076701823 0.007666507 0.007666507 0.007666507 0.0069444445 0.0062620426 0.0055315057 0.0043604653 0.0068443804 0.0069946935 0.00433526 0.0049684923 0.01125363 0.0073106424 0.0053140097 0.006198347 0.007446289 0.010186961 0.013170498 0.0067081936 0.007183908 0.007183908 0.0067081936 0.0074447645
[4] 'H0B'     0.0136494255 0.0045498083 0.0 0.0 2.394636E-4 0.0016762452 0.004310345 0.0 0.0014367816 0.0014367816 0.0016762452 0.001197318 0.0040708813 0.0028735632 0.0019157088 2.394636E-4 0.002394636 0.002394636 0.0019157088 0.0 0.0033524905 0.0016762452 4.789272E-4 0.001197318 0.0040708813 0.004789272 0.001197318 0.005866858 0.0062260535 0.007902299 0.008500958 0.008381226 0.008141763 0.007183908 0.003591954 0.007183908 0.003591954 0.0043838285 0.006468615 0.0012236907 0.0071907956 0.0012248898 0.007434053 0.006253065 0.007081133 0.007854036 0.009101942 0.0076701823 0.007666507 0.007666507 0.007666507 0.0069444445 0.0062620426 0.0055315057 0.0043604653 0.0068443804 0.0069946935 0.00433526 0.0049684923 0.01125363 0.0073106424 0.0053140097 0.006198347 0.007446289 0.010186961 0.013170498 0.0067081936 0.007183908 0.007183908 0.0067081936 0.0074447645
[5] 'H0C'     0.013409962 0.004789272 2.394636E-4 2.394636E-4 0.0 0.0019157088 0.0040708813 2.394636E-4 0.0016762452 0.0016762452 0.0019157088 0.0014367816 0.0038314175 0.0026340997 0.0016762452 4.789272E-4 0.0021551724 0.0021551724 0.0021551724 2.394636E-4 0.0031130267 0.0019157088 7.183908E-4 9.578544E-4 0.0038314175 0.0045498083 9.578544E-4 0.0061063217 0.0064655175 0.008141763 0.008740421 0.00862069 0.008381226 0.0074233715 0.0038314175 0.0074233715 0.0038314175 0.0043838285 0.0067081936 0.0012236907 0.007430489 0.0012248898 0.007673861 0.006253065 0.0068410947 0.007612373 0.008859224 0.007909875 0.007906085 0.007906085 0.007906085 0.007183908 0.00650289 0.0057720058 0.0043604653 0.007084534 0.00723589 0.004576108 0.0049684923 0.011011616 0.0075503355 0.0053140097 0.006198347 0.0072021484 0.009947267 0.012931035 0.006947772 0.0074233715 0.0074233715 0.006947772 0.007684918
[6] 'H10B'    0.01197318 0.0028735632 0.0016762452 0.0016762452 0.0019157088 0.0 0.00598659 0.0016762452 0.0026340997 2.394636E-4 -5.551115E-17 0.002394636 0.0057471264 0.0045498083 0.003591954 0.0019157088 0.0021551724 7.183908E-4 0.0016762452 0.0016762452 0.005028736 4.789272E-4 0.0021551724 0.002394636 0.0057471264 0.0064655175 0.002394636 0.0056273947 0.00598659 0.0062260535 0.009219348 0.006704981 0.0064655175 0.005507663 0.0019157088 0.005507663 0.0019157088 0.0043838285 0.0047915666 0.0012236907 0.0055129435 0.0012248898 0.007673861 0.007233938 0.008761402 0.009545675 0.010800971 0.0059923297 0.0059894584 0.0059894584 0.0059894584 0.0052681994 0.0060211946 0.003848004 0.0043604653 0.0061239195 0.0053063193 0.00433526 0.006665051 0.012947725 0.008988495 0.0041062804 0.007413709 0.00793457 0.0116251195 0.014846743 0.005031145 0.005507663 0.005507663 0.005031145 0.0057636886
[7] 'H10C'    0.012092912 0.005866858 0.004310345 0.004310345 0.0040708813 0.00598659 0.0 0.004310345 0.0052681994 0.0057471264 0.00598659 0.0040708813 0.0026340997 0.0014367816 0.0028735632 0.0045498083 0.0038314175 0.0057471264 0.004789272 0.004310345 0.002394636 0.005507663 0.004310345 0.0045498083 0.002514368 0.0028735632 0.0040708813 0.010177203 0.010536399 0.012212643 0.009458812 0.01269157 0.012452107 0.010536399 0.007902299 0.011494253 0.007902299 0.0051144664 0.0107810255 0.0031815956 0.01126558 0.0024497795 0.00911271 0.0055174106 0.006361018 0.007129048 0.007038835 0.011984659 0.011739339 0.011978917 0.011978917 0.011254789 0.010356455 0.00986051 0.0065406975 0.011167147 0.010130246 0.00867052 0.006665051 0.009317522 0.011505273 0.007487923 0.0075352457 0.0057373047 0.010426654 0.011135058 0.011020604 0.011494253 0.011494253 0.011020604 0.010806916
[8] 'H10D'    0.0136494255 0.0045498083 0.0 0.0 2.394636E-4 0.0016762452 0.004310345 0.0 0.0014367816 0.0014367816 0.0016762452 0.001197318 0.0040708813 0.0028735632 0.0019157088 2.394636E-4 0.002394636 0.002394636 0.0019157088 0.0 0.0033524905 0.0016762452 4.789272E-4 0.001197318 0.0040708813 0.004789272 0.001197318 0.005866858 0.0062260535 0.007902299 0.008500958 0.008381226 0.008141763 0.007183908 0.003591954 0.007183908 0.003591954 0.0043838285 0.006468615 0.0012236907 0.0071907956 0.0012248898 0.007434053 0.006253065 0.007081133 0.007854036 0.009101942 0.0076701823 0.007666507 0.007666507 0.007666507 0.0069444445 0.0062620426 0.0055315057 0.0043604653 0.0068443804 0.0069946935 0.00433526 0.0049684923 0.01125363 0.0073106424 0.0053140097 0.006198347 0.007446289 0.010186961 0.013170498 0.0067081936 0.007183908 0.007183908 0.0067081936 0.0074447645
[9] 'H10E'    0.012212643 0.005028736 0.0014367816 0.0014367816 0.0016762452 0.0026340997 0.0052681994 0.0014367816 0.0 0.002394636 0.0026340997 0.0021551724 0.005028736 0.004310345 0.0028735632 0.0016762452 0.0038314175 0.0028735632 0.0028735632 0.0014367816 0.004310345 0.0026340997 0.0019157088 0.0021551724 0.0040708813 0.0038314175 0.0021551724 0.0068247127 0.007183908 0.008860153 0.009458812 0.00933908 0.009099617 0.008141763 0.0045498083 0.008141763 0.0045498083 0.0046273745 0.0074269287 0.002202643 0.008149569 0.0012248898 0.008393286 0.006253065 0.008521363 0.009062349 0.009101942 0.008628955 0.00862482 0.00862482 0.00862482 0.007902299 0.006984586 0.0064935065 0.0053294576 0.0078049954 0.0079594795 0.005539499 0.00618032 0.01125363 0.008748801 0.006280193 0.0059552747 0.007446289 0.009467881 0.0141283525 0.007666507 0.008141763 0.008141763 0.007666507 0.008405379
[10] 'H12D'    0.012212643 0.0031130267 0.0014367816 0.0014367816 0.0016762452 2.394636E-4 0.0057471264 0.0014367816 0.002394636 0.0 2.394636E-4 0.0021551724 0.005507663 0.004310345 0.0033524905 0.0016762452 0.0019157088 9.578544E-4 0.0019157088 0.0014367816 0.004789272 7.183908E-4 0.0019157088 0.0021551724 0.005507663 0.0062260535 0.0021551724 0.005387931 0.0062260535 0.0064655175 0.008979885 0.0069444445 0.006704981 0.0057471264 0.0021551724 0.0057471264 0.0021551724 0.0043838285 0.005031145 0.0012236907 0.0057526366 0.0012248898 0.007434053 0.00698872 0.008521363 0.009304011 0.010558252 0.0062320232 0.006229037 0.006229037 0.006229037 0.005507663 0.0060211946 0.0040885042 0.0043604653 0.006364073 0.0055475156 0.00433526 0.0064226855 0.012705712 0.008748801 0.0041062804 0.0071706367 0.0076904297 0.011385427 0.01460728 0.0052707237 0.0057471264 0.0057471264 0.0052707237 0.0060038427
[11] 'H14C'    0.01197318 0.0028735632 0.0016762452 0.0016762452 0.0019157088 -5.551115E-17 0.00598659 0.0016762452 0.0026340997 2.394636E-4 0.0 0.002394636 0.0057471264 0.0045498083 0.003591954 0.0019157088 0.0021551724 7.183908E-4 0.0016762452 0.0016762452 0.005028736 4.789272E-4 0.0021551724 0.002394636 0.0057471264 0.0064655175 0.002394636 0.0056273947 0.00598659 0.0062260535 0.009219348 0.006704981 0.0064655175 0.005507663 0.0019157088 0.005507663 0.0019157088 0.0043838285 0.0047915666 0.0012236907 0.0055129435 0.0012248898 0.007673861 0.007233938 0.008761402 0.009545675 0.010800971 0.0059923297 0.0059894584 0.0059894584 0.0059894584 0.0052681994 0.0060211946 0.003848004 0.0043604653 0.0061239195 0.0053063193 0.00433526 0.006665051 0.012947725 0.008988495 0.0041062804 0.007413709 0.00793457 0.0116251195 0.014846743 0.005031145 0.005507663 0.005507663 0.005031145 0.0057636886
[12] 'H14D'    0.012452107 0.004789272 0.001197318 0.001197318 0.0014367816 0.002394636 0.0040708813 0.001197318 0.0021551724 0.0021551724 0.002394636 0.0 0.0038314175 0.0026340997 0.0026340997 0.0014367816 0.0031130267 0.0031130267 0.0026340997 0.001197318 0.0031130267 0.002394636 0.0016762452 0.0014367816 0.0038314175 0.0045498083 0.002394636 0.006585249 0.0069444445 0.00862069 0.007782567 0.009099617 0.008860153 0.0074233715 0.004310345 0.007902299 0.004310345 0.0046273745 0.00718735 0.0012236907 0.007909875 0.0012248898 0.006714628 0.0055174106 0.0068410947 0.007612373 0.008859224 0.008389262 0.008145664 0.008385242 0.008385242 0.007662835 0.006984586 0.0062530064 0.0050872094 0.0075648413 0.0077182828 0.0052986513 0.005210858 0.011011616 0.008509109 0.0053140097 0.0059552747 0.006713867 0.010666347 0.012931035 0.0074269287 0.007902299 0.007902299 0.0074269287 0.007925072
[13] 'H2A'     0.012452107 0.0062260535 0.0040708813 0.0040708813 0.0038314175 0.0057471264 0.0026340997 0.0040708813 0.005028736 0.005507663 0.0057471264 0.0038314175 0.0 0.0016762452 0.0021551724 0.004310345 0.003591954 0.005028736 0.0045498083 0.0040708813 0.0016762452 0.0052681994 0.0040708813 0.004310345 0.002394636 0.003591954 0.0033524905 0.009937739 0.010296935 0.011494253 0.009219348 0.01197318 0.011733716 0.010296935 0.007662835 0.011254789 0.007662835 0.0051144664 0.010541447 0.0026921195 0.01126558 0.0026947574 0.008633094 0.0055174106 0.0061209793 0.00640406 0.0059466017 0.011744967 0.011499761 0.011739339 0.011499761 0.010536399 0.010115607 0.00962001 0.0065406975 0.010926994 0.010130246 0.008429673 0.0064226855 0.009075508 0.011385427 0.007246377 0.007656782 0.0057373047 0.010186961 0.010057472 0.0107810255 0.011254789 0.011254789 0.0107810255 0.010806916
[14] 'H2B'     0.011254789 0.005507663 0.0028735632 0.0028735632 0.0026340997 0.0045498083 0.0014367816 0.0028735632 0.004310345 0.004310345 0.0045498083 0.0026340997 0.0016762452 0.0 0.0014367816 0.0031130267 0.002394636 0.004310345 0.0033524905 0.0028735632 0.0014367816 0.0040708813 0.0028735632 0.0031130267 0.0021551724 0.0033524905 0.0026340997 0.008740421 0.009099617 0.010775862 0.008022031 0.011254789 0.011015326 0.009099617 0.0064655175 0.010057472 0.0064655175 0.0043838285 0.009343555 0.001713167 0.010067114 0.0017148457 0.007673861 0.0052721924 0.005160826 0.0059207347 0.006674757 0.010546501 0.010301868 0.010541447 0.010541447 0.009818007 0.009152216 0.008417509 0.0055717053 0.0097262245 0.008924264 0.0072254334 0.0054532234 0.009317522 0.010186961 0.006038647 0.006684492 0.005493164 0.009707575 0.011254789 0.009583133 0.010057472 0.010057472 0.009583133 0.009606148
[15] 'H2C'     0.011733716 0.0040708813 0.0019157088 0.0019157088 0.0016762452 0.003591954 0.0028735632 0.0019157088 0.0028735632 0.0033524905 0.003591954 0.0026340997 0.0021551724 0.0014367816 0.0 0.0021551724 0.0014367816 0.0028735632 0.002394636 0.0019157088 0.0014367816 0.0031130267 0.0019157088 0.0021551724 0.0021551724 0.0033524905 0.001197318 0.007782567 0.008141763 0.009818007 0.008022031 0.010296935 0.010057472 0.008141763 0.005507663 0.009099617 0.005507663 0.0043838285 0.008385242 0.0012236907 0.009108341 0.0012248898 0.008393286 0.0057626287 0.0056409026 0.006162397 0.007160194 0.0095877275 0.009343555 0.009583133 0.009583133 0.008860153 0.007947977 0.0074555073 0.0043604653 0.00876561 0.008200675 0.0062620426 0.0049684923 0.009317522 0.009228188 0.0057971017 0.006198347 0.0059814453 0.008269415 0.011254789 0.00862482 0.009099617 0.009099617 0.00862482 0.008645534
[16] 'H4A'     0.013409962 0.004789272 2.394636E-4 2.394636E-4 4.789272E-4 0.0019157088 0.0045498083 2.394636E-4 0.0016762452 0.0016762452 0.0019157088 0.0014367816 0.004310345 0.0031130267 0.0021551724 0.0 0.0026340997 0.0026340997 0.0016762452 2.394636E-4 0.0033524905 0.0019157088 7.183908E-4 9.578544E-4 0.004310345 0.005028736 0.0014367816 0.0061063217 0.0064655175 0.008141763 0.008740421 0.00862069 0.008381226 0.0074233715 0.0038314175 0.0074233715 0.0038314175 0.0046273745 0.0067081936 0.0012236907 0.007430489 0.0014698678 0.007673861 0.006253065 0.0073211715 0.008095698 0.00934466 0.007909875 0.007906085 0.007906085 0.007906085 0.007183908 0.00650289 0.0057720058 0.004602713 0.007084534 0.00723589 0.004576108 0.0049684923 0.011495643 0.0073106424 0.0055555557 0.0059552747 0.007446289 0.009947267 0.013409962 0.006947772 0.0074233715 0.0074233715 0.006947772 0.007684918
[17] 'H4B'     0.011254789 0.003591954 0.002394636 0.002394636 0.0021551724 0.0021551724 0.0038314175 0.002394636 0.0038314175 0.0019157088 0.0021551724 0.0031130267 0.003591954 0.002394636 0.0014367816 0.0026340997 0.0 0.002394636 0.0028735632 0.002394636 0.0028735632 0.0016762452 0.002394636 0.0031130267 0.003591954 0.004789272 0.0021551724 0.0068247127 0.008141763 0.008381226 0.008022031 0.008860153 0.00862069 0.006704981 0.0040708813 0.007662835 0.0040708813 0.0043838285 0.006947772 0.0012236907 0.0076701823 0.0012248898 0.008393286 0.0064982832 0.006601056 0.0073707104 0.008616505 0.008149569 0.007906085 0.008145664 0.008145664 0.0074233715 0.007707129 0.006012506 0.0043604653 0.008285303 0.0067534973 0.0057803467 0.0059379544 0.010769603 0.009707575 0.004589372 0.0071706367 0.006225586 0.009707575 0.01269157 0.00718735 0.007662835 0.007662835 0.00718735 0.007204611
[18] 'H4C'     0.011254789 0.0026340997 0.002394636 0.002394636 0.0021551724 7.183908E-4 0.0057471264 0.002394636 0.0028735632 9.578544E-4 7.183908E-4 0.0031130267 0.005028736 0.004310345 0.0028735632 0.0026340997 0.002394636 0.0 0.0019157088 0.002394636 0.004310345 0.001197318 0.0028735632 0.0021551724 0.005028736 0.0057471264 0.0016762452 0.006345785 0.006704981 0.0069444445 0.009937739 0.0074233715 0.007183908 0.0062260535 0.0026340997 0.0062260535 0.0026340997 0.0043838285 0.005510302 0.0012236907 0.0062320232 0.0012248898 0.008393286 0.007233938 0.008521363 0.009062349 0.010072815 0.0067114094 0.0067081936 0.0067081936 0.0067081936 0.00598659 0.00650289 0.0045695044 0.0043604653 0.0068443804 0.0060299085 0.0050578034 0.006665051 0.012221685 0.009707575 0.004589372 0.007413709 0.0076904297 0.010906041 0.0141283525 0.0057498803 0.0062260535 0.0062260535 0.0057498803 0.00648415
[19] 'H4D'     0.011733716 0.0031130267 0.0019157088 0.0019157088 0.0021551724 0.0016762452 0.004789272 0.0019157088 0.0028735632 0.0019157088 0.0016762452 0.0026340997 0.0045498083 0.0033524905 0.002394636 0.0016762452 0.0028735632 0.0019157088 0.0 0.0019157088 0.003591954 0.0016762452 0.002394636 0.0016762452 0.0045498083 0.0052681994 0.0026340997 0.0068247127 0.006704981 0.007902299 0.008979885 0.008381226 0.008141763 0.007183908 0.003591954 0.007183908 0.003591954 0.0046273745 0.006468615 0.0012236907 0.0071907956 0.0014698678 0.008393286 0.006743502 0.0075612096 0.008337361 0.009587378 0.0076701823 0.007666507 0.007666507 0.007666507 0.0069444445 0.006984586 0.0055315057 0.004602713 0.0068443804 0.006512301 0.0052986513 0.0059379544 0.011737658 0.008988495 0.0053140097 0.0064414195 0.007446289 0.009947267 0.0136494255 0.0067081936 0.007183908 0.007183908 0.0067081936 0.007204611
[20] 'H6A'     0.0136494255 0.0045498083 0.0 0.0 2.394636E-4 0.0016762452 0.004310345 0.0 0.0014367816 0.0014367816 0.0016762452 0.001197318 0.0040708813 0.0028735632 0.0019157088 2.394636E-4 0.002394636 0.002394636 0.0019157088 0.0 0.0033524905 0.0016762452 4.789272E-4 0.001197318 0.0040708813 0.004789272 0.001197318 0.005866858 0.0062260535 0.007902299 0.008500958 0.008381226 0.008141763 0.007183908 0.003591954 0.007183908 0.003591954 0.0043838285 0.006468615 0.0012236907 0.0071907956 0.0012248898 0.007434053 0.006253065 0.007081133 0.007854036 0.009101942 0.0076701823 0.007666507 0.007666507 0.007666507 0.0069444445 0.0062620426 0.0055315057 0.0043604653 0.0068443804 0.0069946935 0.00433526 0.0049684923 0.01125363 0.0073106424 0.0053140097 0.006198347 0.007446289 0.010186961 0.013170498 0.0067081936 0.007183908 0.007183908 0.0067081936 0.0074447645
[21] 'H6B'     0.011494253 0.005507663 0.0033524905 0.0033524905 0.0031130267 0.005028736 0.002394636 0.0033524905 0.004310345 0.004789272 0.005028736 0.0031130267 0.0016762452 0.0014367816 0.0014367816 0.0033524905 0.0028735632 0.004310345 0.003591954 0.0033524905 0.0 0.0045498083 0.0033524905 0.0033524905 0.0016762452 0.0028735632 0.0026340997 0.009219348 0.009578544 0.011254789 0.008500958 0.011733716 0.011494253 0.009578544 0.0069444445 0.010536399 0.0069444445 0.0048709204 0.009822712 0.0014684288 0.010546501 0.0019598235 0.008393286 0.005026974 0.0056409026 0.006162397 0.0069174757 0.011025887 0.0107810255 0.011020604 0.011020604 0.010296935 0.009393063 0.008898509 0.0058139535 0.010206532 0.009406657 0.007707129 0.005210858 0.009075508 0.010186961 0.006521739 0.006684492 0.0052490234 0.009228188 0.010775862 0.01006229 0.010536399 0.010536399 0.01006229 0.010086455
[22] 'H6C'     0.01197318 0.0028735632 0.0016762452 0.0016762452 0.0019157088 4.789272E-4 0.005507663 0.0016762452 0.0026340997 7.183908E-4 4.789272E-4 0.002394636 0.0052681994 0.0040708813 0.0031130267 0.0019157088 0.0016762452 0.001197318 0.0016762452 0.0016762452 0.0045498083 0.0 0.0021551724 0.002394636 0.0052681994 0.00598659 0.002394636 0.0056273947 0.0064655175 0.006704981 0.008740421 0.007183908 0.0069444445 0.00598659 0.002394636 0.00598659 0.002394636 0.0043838285 0.0052707237 0.0012236907 0.0059923297 0.0012248898 0.008153478 0.007233938 0.008281325 0.009062349 0.010315534 0.0064717163 0.006468615 0.006468615 0.006468615 0.0057471264 0.0062620426 0.0043290043 0.0043604653 0.006604227 0.0055475156 0.004576108 0.0064226855 0.012463698 0.008988495 0.004347826 0.0071706367 0.0076904297 0.011145733 0.014367816 0.005510302 0.00598659 0.00598659 0.005510302 0.0062439963
[23] 'H6D'     0.0136494255 0.005028736 4.789272E-4 4.789272E-4 7.183908E-4 0.0021551724 0.004310345 4.789272E-4 0.0019157088 0.0019157088 0.0021551724 0.0016762452 0.0040708813 0.0028735632 0.0019157088 7.183908E-4 0.002394636 0.0028735632 0.002394636 4.789272E-4 0.0033524905 0.0021551724 0.0 0.0016762452 0.0040708813 0.0052681994 0.001197318 0.006345785 0.0062260535 0.008381226 0.008022031 0.008860153 0.00862069 0.007662835 0.0040708813 0.007662835 0.0040708813 0.0046273745 0.006947772 0.0012236907 0.0076701823 0.0014698678 0.007913669 0.006253065 0.007081133 0.007612373 0.009101942 0.008149569 0.008145664 0.008145664 0.008145664 0.0074233715 0.006743738 0.006012506 0.004602713 0.0073246877 0.0074770865 0.004576108 0.004726127 0.010769603 0.0073106424 0.0055555557 0.0063198833 0.0072021484 0.009707575 0.01269157 0.00718735 0.007662835 0.007662835 0.00718735 0.007925072
[24] 'H8A'     0.012452107 0.004789272 0.001197318 0.001197318 9.578544E-4 0.002394636 0.0045498083 0.001197318 0.0021551724 0.0021551724 0.002394636 0.0014367816 0.004310345 0.0031130267 0.0021551724 9.578544E-4 0.0031130267 0.0021551724 0.0016762452 0.001197318 0.0033524905 0.002394636 0.0016762452 0.0 0.004310345 0.005028736 0.0014367816 0.006585249 0.0069444445 0.00862069 0.009219348 0.009099617 0.008860153 0.007902299 0.004310345 0.007902299 0.004310345 0.0048709204 0.00718735 0.0012236907 0.007909875 0.0014698678 0.008153478 0.006253065 0.0073211715 0.008095698 0.00934466 0.008389262 0.008385242 0.008385242 0.008385242 0.007662835 0.006984586 0.0062530064 0.004844961 0.0075648413 0.0077182828 0.0052986513 0.005210858 0.011495643 0.008269415 0.0057971017 0.0057122023 0.0072021484 0.009707575 0.013409962 0.0074269287 0.007902299 0.007902299 0.0074269287 0.008165225
[25] 'H8B'     0.010536399 0.0057471264 0.0040708813 0.0040708813 0.0038314175 0.0057471264 0.002514368 0.0040708813 0.0040708813 0.005507663 0.0057471264 0.0038314175 0.002394636 0.0021551724 0.0021551724 0.004310345 0.003591954 0.005028736 0.0045498083 0.0040708813 0.0016762452 0.0052681994 0.0040708813 0.004310345 0.0 0.0021551724 0.0033524905 0.009937739 0.010296935 0.01197318 0.009219348 0.012452107 0.012212643 0.010296935 0.007662835 0.011254789 0.007662835 0.0048709204 0.010541447 0.0026921195 0.011025887 0.0019598235 0.008633094 0.0052721924 0.0061209793 0.00640406 0.0059466017 0.011744967 0.011499761 0.011739339 0.011739339 0.011015326 0.009874759 0.00962001 0.0058139535 0.010926994 0.009889049 0.008429673 0.0064226855 0.008833495 0.010906041 0.007246377 0.006684492 0.005493164 0.009228188 0.010536399 0.0107810255 0.011254789 0.011254789 0.0107810255 0.010566763
[26] 'H8C'     0.011254789 0.005507663 0.004789272 0.004789272 0.0045498083 0.0064655175 0.0028735632 0.004789272 0.0038314175 0.0062260535 0.0064655175 0.0045498083 0.003591954 0.0033524905 0.0033524905 0.005028736 0.004789272 0.0057471264 0.0052681994 0.004789272 0.0028735632 0.00598659 0.0052681994 0.005028736 0.0021551724 0.0 0.0045498083 0.0106561305 0.011015326 0.012212643 0.010416667 0.01269157 0.012452107 0.011015326 0.008381226 0.011494253 0.008381226 0.0048709204 0.011260182 0.003426334 0.011984659 0.0017148457 0.008872902 0.005026974 0.0073211715 0.0073707104 0.0064320387 0.011984659 0.011739339 0.011978917 0.011978917 0.011254789 0.010115607 0.00986051 0.007267442 0.011167147 0.010612639 0.009152216 0.0069074165 0.008349468 0.0116251195 0.008212561 0.0071706367 0.0059814453 0.009467881 0.011254789 0.011499761 0.01197318 0.01197318 0.011499761 0.01104707
[27] 'H8D'     0.012452107 0.004310345 0.001197318 0.001197318 9.578544E-4 0.002394636 0.0040708813 0.001197318 0.0021551724 0.0021551724 0.002394636 0.002394636 0.0033524905 0.0026340997 0.001197318 0.0014367816 0.0021551724 0.0016762452 0.0026340997 0.001197318 0.0026340997 0.002394636 0.001197318 0.0014367816 0.0033524905 0.0045498083 0.0 0.006585249 0.0074233715 0.00862069 0.008740421 0.009099617 0.008860153 0.007902299 0.004310345 0.007902299 0.004310345 0.0043838285 0.00718735 0.0012236907 0.007909875 0.0012248898 0.008633094 0.0064982832 0.0068410947 0.0073707104 0.008373787 0.008389262 0.008385242 0.008385242 0.008385242 0.007662835 0.006984586 0.0062530064 0.0043604653 0.0075648413 0.0077182828 0.0052986513 0.005210858 0.010527589 0.008509109 0.0055555557 0.0064414195 0.006958008 0.009467881 0.012452107 0.0074269287 0.007902299 0.007902299 0.0074269287 0.008165225
[28] 'JT108'   0.009578544 0.008500958 0.005866858 0.005866858 0.0061063217 0.0056273947 0.010177203 0.005866858 0.0068247127 0.005387931 0.0056273947 0.006585249 0.009937739 0.008740421 0.007782567 0.0061063217 0.0068247127 0.006345785 0.0068247127 0.005866858 0.009219348 0.0056273947 0.006345785 0.006585249 0.009937739 0.0106561305 0.006585249 0.0 0.0026340997 0.008860153 0.0040708813 0.009818007 0.009578544 0.0016762452 0.0051484676 0.011015326 0.0051484676 0.0085241115 9.5831335E-4 0.0 0.0016778524 -5.551115E-17 0.0099520385 0.006743502 0.0055208835 0.008095698 0.011165049 0.008628955 0.00862482 0.00862482 0.00862482 0.010775862 0.007947977 0.0081770085 0.0021802327 0.005403458 0.00458273 -5.551115E-17 0.0016965584 0.012826718 0.010426654 4.8309178E-4 0.002795333 0.0041503906 0.0069511025 0.010296935 0.0011978917 0.0016762452 0.0016762452 0.0011978917 0.008165225
[29] 'JT112'   0.00933908 0.008860153 0.0062260535 0.0062260535 0.0064655175 0.00598659 0.010536399 0.0062260535 0.007183908 0.0062260535 0.00598659 0.0069444445 0.010296935 0.009099617 0.008141763 0.0064655175 0.008141763 0.006704981 0.006704981 0.0062260535 0.009578544 0.0064655175 0.0062260535 0.0069444445 0.010296935 0.011015326 0.0074233715 0.0026340997 0.0 0.00933908 0.0038314175 0.010296935 0.010057472 0.002394636 0.005028736 0.011494253 0.005028736 0.009011203 0.0016770484 0.0 0.0019175456 4.899559E-4 0.009352518 0.006620893 0.0062409984 0.008458192 0.0118932035 0.009108341 0.009103977 0.009103977 0.009103977 0.011254789 0.008429673 0.008658009 0.0024224806 0.0062439963 0.004823927 2.4084779E-4 0.0014541929 0.012584705 0.010067114 0.0012077295 0.0025522606 0.00390625 0.0062320232 0.009578544 0.0016770484 0.0019157088 0.0019157088 0.0016770484 0.008645534
[30] 'JT162'   0.014367816 0.009099617 0.007902299 0.007902299 0.008141763 0.0062260535 0.012212643 0.007902299 0.008860153 0.0064655175 0.0062260535 0.00862069 0.011494253 0.010775862 0.009818007 0.008141763 0.008381226 0.0069444445 0.007902299 0.007902299 0.011254789 0.006704981 0.008381226 0.00862069 0.01197318 0.012212643 0.00862069 0.008860153 0.00933908 0.0 0.012452107 0.0028735632 0.0026340997 0.008860153 0.0057471264 0.0045498083 0.0057471264 0.0041402825 0.007906085 4.8947625E-4 0.008868648 0.0012248898 0.003117506 0.0036782736 0.008881421 0.006524891 0.0067961165 2.396932E-4 2.3957834E-4 2.3957834E-4 0.0 0.0038314175 0.0031310213 0.0016835016 0.004602713 0.0033621518 0.004823927 0.006984586 0.009694619 0.008228461 0.0062320232 0.006521739 0.009479825 0.0107421875 0.014860978 0.01795977 0.008385242 0.008860153 0.008860153 0.008385242 2.4015369E-4
[31] 'JT164'   0.0074233715 0.0106561305 0.008500958 0.008500958 0.008740421 0.009219348 0.009458812 0.008500958 0.009458812 0.008979885 0.009219348 0.007782567 0.009219348 0.008022031 0.008022031 0.008740421 0.008022031 0.009937739 0.008979885 0.008500958 0.008500958 0.008740421 0.008022031 0.009219348 0.009219348 0.010416667 0.008740421 0.0040708813 0.0038314175 0.012452107 0.0 0.013409962 0.013170498 0.004789272 0.008261494 0.01460728 0.008261494 0.009985387 0.005031145 4.8947625E-4 0.0047938637 0.0012248898 0.010671463 0.0057626287 0.004800768 0.00640406 0.010436893 0.012224353 0.011978917 0.012218496 0.012218496 0.014367816 0.011078998 0.011784512 0.003633721 0.00876561 0.0067534973 0.0028901733 9.694619E-4 0.010648596 0.012104507 0.0016908213 0.001701507 7.324219E-4 0.0047938637 0.006704981 0.0047915666 0.004789272 0.004789272 0.0047915666 0.01104707
[32] 'JT165'   0.01532567 0.009578544 0.008381226 0.008381226 0.00862069 0.006704981 0.01269157 0.008381226 0.00933908 0.0069444445 0.006704981 0.009099617 0.01197318 0.011254789 0.010296935 0.00862069 0.008860153 0.0074233715 0.008381226 0.008381226 0.011733716 0.007183908 0.008860153 0.009099617 0.012452107 0.01269157 0.009099617 0.009818007 0.010296935 0.0028735632 0.013409962 0.0 7.183908E-4 0.009818007 0.0052681994 0.0045498083 0.0052681994 0.0041402825 0.008864399 9.789525E-4 0.009827421 7.349339E-4 0.0059952037 0.006620893 0.009841574 0.009424843 0.0072815535 0.0031160116 0.0031145185 0.0031145185 0.0028749402 0.0038314175 9.6339115E-4 7.215007E-4 0.0055717053 0.0062439963 0.005788712 0.007947977 0.010664081 0.011132623 0.0038350911 0.007487923 0.010452115 0.01171875 0.01581975 0.018917624 0.009343555 0.009818007 0.009818007 0.009343555 0.0031219982
[33] 'JT166'   0.015086207 0.00933908 0.008141763 0.008141763 0.008381226 0.0064655175 0.012452107 0.008141763 0.009099617 0.006704981 0.0064655175 0.008860153 0.011733716 0.011015326 0.010057472 0.008381226 0.00862069 0.007183908 0.008141763 0.008141763 0.011494253 0.0069444445 0.00862069 0.008860153 0.012212643 0.012452107 0.008860153 0.009578544 0.010057472 0.0026340997 0.013170498 7.183908E-4 0.0 0.009578544 0.005028736 0.004310345 0.005028736 0.0038967365 0.00862482 7.342144E-4 0.0095877275 2.4497794E-4 0.0057553956 0.006375674 0.009601536 0.0091831805 0.007038835 0.0028763183 0.0028749402 0.0028749402 0.0026353619 0.003591954 4.8169558E-4 4.810005E-4 0.0053294576 0.0060038427 0.0055475156 0.007707129 0.010421716 0.01089061 0.0038350911 0.007246377 0.010209043 0.011474609 0.015580057 0.01867816 0.009103977 0.009578544 0.009578544 0.009103977 0.0028818443
[34] 'JT167'   0.008381226 0.007902299 0.007183908 0.007183908 0.0074233715 0.005507663 0.010536399 0.007183908 0.008141763 0.0057471264 0.005507663 0.0074233715 0.010296935 0.009099617 0.008141763 0.0074233715 0.006704981 0.0062260535 0.007183908 0.007183908 0.009578544 0.00598659 0.007662835 0.007902299 0.010296935 0.011015326 0.007902299 0.0016762452 0.002394636 0.008860153 0.004789272 0.009818007 0.009578544 0.0 0.005028736 0.011015326 0.005028736 0.008767657 4.7915668E-4 2.4473813E-4 9.587728E-4 -5.551115E-17 0.009352518 0.006620893 0.0062409984 0.008458192 0.0118932035 0.008628955 0.008385242 0.00862482 0.00862482 0.010775862 0.00867052 0.0081770085 0.0024224806 0.0057636886 0.004341534 4.8169558E-4 0.0029083858 0.013552759 0.011984659 -5.551115E-17 0.0036460864 0.0043945312 0.0076701823 0.011015326 4.7915668E-4 9.578544E-4 9.578544E-4 4.7915668E-4 0.007684918
[35] 'JT168'   0.011015326 0.004789272 0.003591954 0.003591954 0.0038314175 0.0019157088 0.007902299 0.003591954 0.0045498083 0.0021551724 0.0019157088 0.004310345 0.007662835 0.0064655175 0.005507663 0.0038314175 0.0040708813 0.0026340997 0.003591954 0.003591954 0.0069444445 0.002394636 0.0040708813 0.004310345 0.007662835 0.008381226 0.004310345 0.0051484676 0.005028736 0.0057471264 0.008261494 0.0052681994 0.005028736 0.005028736 0.0 0.0074233715 5.551115E-17 0.0063321968 0.00431241 0.0 0.0045541706 -5.551115E-17 0.007194245 0.006743502 0.008281325 0.009062349 0.009830097 0.0055129435 0.005510302 0.005510302 0.005510302 0.007183908 0.004576108 0.0040885042 0.003633721 0.005643612 0.00458273 0.0038535646 0.00618032 0.012463698 0.0075503355 0.0036231885 0.0064414195 0.006958008 0.010666347 0.013888889 0.00431241 0.0045498083 0.0045498083 0.00431241 0.0052833813
[36] 'JT170'   0.016522989 0.008381226 0.007183908 0.007183908 0.0074233715 0.005507663 0.011494253 0.007183908 0.008141763 0.0057471264 0.005507663 0.007902299 0.011254789 0.010057472 0.009099617 0.0074233715 0.007662835 0.0062260535 0.007183908 0.007183908 0.010536399 0.00598659 0.007662835 0.007902299 0.011254789 0.011494253 0.007902299 0.011015326 0.011494253 0.0045498083 0.01460728 0.0045498083 0.004310345 0.011015326 0.0074233715 0.0 0.0074233715 0.0 0.01006229 0.0031815956 0.011025887 0.0029397355 0.007434053 0.007846984 0.011281805 0.010633156 0.009708738 0.0043144776 0.00431241 0.00431241 0.00431241 7.183908E-4 0.00433526 4.810005E-4 0.0067829457 0.0074447645 0.0069946935 0.009152216 0.011875909 0.012342691 0.007430489 0.008695652 0.011667477 0.012939453 0.017018218 0.020114943 0.010541447 0.011015326 0.011015326 0.010541447 0.004322767
[37] 'JT171'   0.011015326 0.004789272 0.003591954 0.003591954 0.0038314175 0.0019157088 0.007902299 0.003591954 0.0045498083 0.0021551724 0.0019157088 0.004310345 0.007662835 0.0064655175 0.005507663 0.0038314175 0.0040708813 0.0026340997 0.003591954 0.003591954 0.0069444445 0.002394636 0.0040708813 0.004310345 0.007662835 0.008381226 0.004310345 0.0051484676 0.005028736 0.0057471264 0.008261494 0.0052681994 0.005028736 0.005028736 5.551115E-17 0.0074233715 0.0 0.0063321968 0.00431241 0.0 0.0045541706 -5.551115E-17 0.007194245 0.006743502 0.008281325 0.009062349 0.009830097 0.0055129435 0.005510302 0.005510302 0.005510302 0.007183908 0.004576108 0.0040885042 0.003633721 0.005643612 0.00458273 0.0038535646 0.00618032 0.012463698 0.0075503355 0.0036231885 0.0064414195 0.006958008 0.010666347 0.013888889 0.00431241 0.0045498083 0.0045498083 0.00431241 0.0052833813
[38] 'JT173'   0.010716026 0.005601559 0.0043838285 0.0043838285 0.0043838285 0.0043838285 0.0051144664 0.0043838285 0.0046273745 0.0043838285 0.0043838285 0.0046273745 0.0051144664 0.0043838285 0.0043838285 0.0046273745 0.0043838285 0.0043838285 0.0046273745 0.0043838285 0.0048709204 0.0043838285 0.0046273745 0.0048709204 0.0048709204 0.0048709204 0.0043838285 0.0085241115 0.009011203 0.0041402825 0.009985387 0.0041402825 0.0038967365 0.008767657 0.0063321968 0.0 0.0063321968 0.0 0.0082846 0.002710695 0.009263773 0.0024618416 0.0039005363 0.0039564786 0.0063352827 0.0049043647 0.003438114 0.0039005363 0.0038967365 0.0038986355 0.0038986355 2.4354603E-4 0.0038986355 5.551115E-17 0.006344558 0.0053710938 0.006360078 0.007808687 0.008325172 0.006378803 0.0046318867 0.007327797 0.008341512 0.008378511 0.010472479 0.01290794 0.00877193 0.009254749 0.009254749 0.00877193 0.0039005363
[39] 'JT174'   0.008385242 0.007666507 0.006468615 0.006468615 0.0067081936 0.0047915666 0.0107810255 0.006468615 0.0074269287 0.005031145 0.0047915666 0.00718735 0.010541447 0.009343555 0.008385242 0.0067081936 0.006947772 0.005510302 0.006468615 0.006468615 0.009822712 0.0052707237 0.006947772 0.00718735 0.010541447 0.011260182 0.00718735 9.5831335E-4 0.0016770484 0.007906085 0.005031145 0.008864399 0.00862482 4.7915668E-4 0.00431241 0.01006229 0.00431241 0.0082846 0.0 -5.551115E-17 4.796163E-4 -5.551115E-17 0.009357005 0.007111329 0.0062439963 0.008941517 0.0118989805 0.007673861 0.0076701823 0.0076701823 0.0076701823 0.009822712 0.0077108433 0.007218479 0.0019389238 0.0052833813 0.0036196911 -5.551115E-17 0.0026673132 0.013559322 0.011031175 -5.551115E-17 0.0036460864 0.004640938 0.007913669 0.011260182 0.0 4.7915668E-4 4.7915668E-4 0.0 0.007208073
[40] 'JT175'   0.00391581 0.0029368575 0.0012236907 0.0012236907 0.0012236907 0.0012236907 0.0031815956 0.0012236907 0.002202643 0.0012236907 0.0012236907 0.0012236907 0.0026921195 0.001713167 0.0012236907 0.0012236907 0.0012236907 0.0012236907 0.0012236907 0.0012236907 0.0014684288 0.0012236907 0.0012236907 0.0012236907 0.0026921195 0.003426334 0.0012236907 0.0 0.0 4.8947625E-4 4.8947625E-4 9.789525E-4 7.342144E-4 2.4473813E-4 0.0 0.0031815956 0.0 0.002710695 -5.551115E-17 0.0 2.4497794E-4 5.551115E-17 4.901961E-4 5.551115E-17 2.4509805E-4 0.0 0.0022255194 2.4497794E-4 2.4473813E-4 2.4485798E-4 2.4485798E-4 0.0029368575 7.3529413E-4 2.4557958E-4 2.4533857E-4 0.0 4.916421E-4 -5.551115E-17 -1.110223E-16 0.0027173914 0.0012242899 -5.551115E-17 4.9309665E-4 4.960318E-4 0.0024485798 0.0048947628 2.4473813E-4 2.4473813E-4 2.4473813E-4 2.4473813E-4 2.4497794E-4
[41] 'JT177'   0.008149569 0.008149569 0.0071907956 0.0071907956 0.007430489 0.0055129435 0.01126558 0.0071907956 0.008149569 0.0057526366 0.0055129435 0.007909875 0.01126558 0.010067114 0.009108341 0.007430489 0.0076701823 0.0062320232 0.0071907956 0.0071907956 0.010546501 0.0059923297 0.0076701823 0.007909875 0.011025887 0.011984659 0.007909875 0.0016778524 0.0019175456 0.008868648 0.0047938637 0.009827421 0.0095877275 9.587728E-4 0.0045541706 0.011025887 0.0045541706 0.009263773 4.796163E-4 2.4497794E-4 0.0 0.0 0.010321652 0.0076054954 0.007208073 0.009429401 0.0126336245 0.008637236 0.008633094 0.008633094 0.008633094 0.010786193 0.008678881 0.008184882 0.0024236548 0.005769231 0.0041023167 4.8216007E-4 0.0033964096 0.014527845 0.011756238 4.83559E-4 0.002919708 0.004396678 0.007677543 0.010786193 -5.551115E-17 0.0 0.0 -5.551115E-17 0.008169149
[42] 'JT178'   0.0029397355 0.0024497795 0.0012248898 0.0012248898 0.0012248898 0.0012248898 0.0024497795 0.0012248898 0.0012248898 0.0012248898 0.0012248898 0.0012248898 0.0026947574 0.0017148457 0.0012248898 0.0014698678 0.0012248898 0.0012248898 0.0014698678 0.0012248898 0.0019598235 0.0012248898 0.0014698678 0.0014698678 0.0019598235 0.0017148457 0.0012248898 -5.551115E-17 4.899559E-4 0.0012248898 0.0012248898 7.349339E-4 2.4497794E-4 -5.551115E-17 -5.551115E-17 0.0029397355 -5.551115E-17 0.0024618416 -5.551115E-17 5.551115E-17 0.0 0.0 9.813543E-4 9.930487E-4 0.0 9.871669E-4 0.0019753086 9.80873E-4 9.799118E-4 9.803922E-4 9.803922E-4 0.0026947574 0.0 -1.110223E-16 -5.551115E-17 9.81836E-4 2.4618415E-4 0.0 4.9261085E-4 0.003946719 0.0014705883 -1.110223E-16 0.0012309208 7.433102E-4 0.0026960785 0.005144537 -5.551115E-17 -5.551115E-17 -5.551115E-17 -5.551115E-17 9.80873E-4
[43] 'JT179'   0.013429256 0.010071943 0.007434053 0.007434053 0.007673861 0.007673861 0.00911271 0.007434053 0.008393286 0.007434053 0.007673861 0.006714628 0.008633094 0.007673861 0.008393286 0.007673861 0.008393286 0.008393286 0.008393286 0.007434053 0.008393286 0.008153478 0.007913669 0.008153478 0.008633094 0.008872902 0.008633094 0.0099520385 0.009352518 0.003117506 0.010671463 0.0059952037 0.0057553956 0.009352518 0.007194245 0.007434053 0.007194245 0.0039005363 0.009357005 4.901961E-4 0.010321652 9.813543E-4 0.0 0.0011051081 0.0066074003 0.0039932234 0.004492472 0.0031204992 0.0028790787 0.0031190019 0.003117506 0.0069544367 0.004341534 0.004576108 0.0050946143 0.004689755 0.007246377 0.0077182828 0.008131068 0.0059379544 0.006601056 0.0065312046 0.00815482 0.008435207 0.01356217 0.015227818 0.009836853 0.010311751 0.010311751 0.009836853 0.0024050025
[44] 'JT180'   0.006866111 0.00698872 0.006253065 0.006253065 0.006253065 0.007233938 0.0055174106 0.006253065 0.006253065 0.00698872 0.007233938 0.0055174106 0.0055174106 0.0052721924 0.0057626287 0.006253065 0.0064982832 0.007233938 0.006743502 0.006253065 0.005026974 0.007233938 0.006253065 0.006253065 0.0052721924 0.005026974 0.0064982832 0.006743502 0.006620893 0.0036782736 0.0057626287 0.006620893 0.006375674 0.006620893 0.006743502 0.007846984 0.006743502 0.0039564786 0.007111329 5.551115E-17 0.0076054954 9.930487E-4 0.0011051081 0.0 0.0047935103 0.0 3.7073652E-4 0.0034364262 0.0031894015 0.00343474 0.00343474 0.0076017655 0.004679803 0.0049261083 0.0051800692 0.0019646366 0.0073746312 0.005653884 0.0047935103 8.6037366E-4 0.0049067712 0.004923683 0.0049164207 0.0052773687 0.006007847 0.0052721924 0.0071148183 0.0076017655 0.0076017655 0.0071148183 0.0024570024
[45] 'JT182'   0.007921267 0.009721556 0.007081133 0.007081133 0.0068410947 0.008761402 0.006361018 0.007081133 0.008521363 0.008521363 0.008761402 0.0068410947 0.0061209793 0.005160826 0.0056409026 0.0073211715 0.006601056 0.008521363 0.0075612096 0.007081133 0.0056409026 0.008281325 0.007081133 0.0073211715 0.0061209793 0.0073211715 0.0068410947 0.0055208835 0.0062409984 0.008881421 0.004800768 0.009841574 0.009601536 0.0062409984 0.008281325 0.011281805 0.008281325 0.0063352827 0.0062439963 2.4509805E-4 0.007208073 0.0 0.0066074003 0.0047935103 0.0 0.0056928294 0.0055825245 0.008889956 0.008645534 0.008885687 0.008881421 0.010801728 0.0079556415 0.008437801 7.2709646E-4 0.009749639 0.003868472 0.0038628683 0.0019436346 0.0077556954 0.009010091 0.0024213076 0.0028021443 0.001957905 0.0064872657 0.007921267 0.0067243036 0.0072011524 0.0072011524 0.0067243036 0.008180943
